REPRODUCED 9944201 8431 73042.749 15.2274
REPRODUCED 5475431 8900 -51599.113 36.7528
REPRODUCED 8616873 6432 -346.927 12.2406
REPRODUCED 9574614 8923 -90.15 11.4901
REPRODUCED 7811211 8915 -2352.452 16.5875
REPRODUCED 9084778 9088 -134.049 15.674
REPRODUCED 12307496 8199 301.564 4.5296
REPRODUCED 8110757 3299 -174.964 15.2683
REPRODUCED 11180361 7099 -70483.641 10.4618
REPRODUCED 5951140 8912 -168.212 10.0834
REPRODUCED 11805075 9093 -27.188 0.0
REPRODUCED 6690171 12041 -27.787 2.6947
REPRODUCED 3345675 8535 -26.969 0.0
REPRODUCED 8308347 8115 -9906.039 0.0
REPRODUCED 11853130 9083 -31.335 5.1674
REPRODUCED 9512981 9108 -26.205 0.0
REPRODUCED 6867155 9098 -29.601 0.0
REPRODUCED 8494263 10111 -1049.751 50.1065
REPRODUCED 7984047 11799 -28.189 1.6395
REPRODUCED 10153011 11286 -105.723 40.2815
